5454W	0	0	0
5454A	0	0	0
98063A	0	0	0
1853B	0	0	0
51444D	0	0	0
8694N	0	0	0
1430W	0	0	0
9646C	0	0	0
6754P	0	0	0
2646F	0	0	0
3015E	0	0	0
6399G	0	0	0
6517M	0	0	0
9198A	0	0	0
2364O	0	0	0
3301T	0	0	0
5440F	0	0	0
2411N	0	0	0
1229I	0	0	0
5836N	0	0	0
8845T	0	0	0
3520U	0	0	0
2925L	0	0	0
6096T	0	0	0
2294R	0	0	0
4763N	0	0	0
9159B	0	0	0
8011K	0	0	0
9665M	0	0	0
1980H	0	0	0
58664V	0	0	0
21228Z	0	0	0
56384L	0	0	0
62768T	0	0	0
76174S	0	0	0
45051M	0	0	0
32013R	0	0	0
43917R	0	0	0
84506P	0	0	0
10359D	0	0	0
59550U	0	0	0
87683E	0	0	0
41980B	0	0	0
68017H	0	0	0
14059S	0	0	0
28013D	0	0	0
29006R	0	0	0
66012U	0	0	0
22993L	0	0	0
27598H	0	0	0
71310V	0	0	0
68696S	0	0	0
28489Q	0	0	0
82762H	0	0	0
64216T	0	0	0
